40 55
17 35
16 19 16
15 21 12
16 25 10
16 18 10
16 15 4 13
17 19 14
19 17 12
21 26 2
22 21 4
9 6 16 2 4
8 4 1 6 11 2 1 4
7 6 3 6 9 3 2 5
6 3 2 5 3 6 2 3 2 5
6 2 1 2 8 2 3 3 2 3 6
6 1 4 2 9 2 1 5 2 3 6
6 1 5 1 9 1 6 2 3 7
6 2 2 1 10 8 2 4 8
6 1 2 1 1 11 8 1 3 8
6 2 1 2 1 11 7 5 9
6 2 4 1 10 1 6 4 10
6 3 2 2 10 2 6 3 12
6 4 1 9 2 6 13
6 7 8 3 7 15
7 6 5 4 24
7 4 4 8 25
9 8 25
26 19 6
26 20 5
2 21 13 6 5
2 22 16 5 4
1 22 17 4 4
1 4 17 18 2 3
1 3 18 20 2
1 2 19 11 9 2
1 21 13 3
4 15 26
1 19 26
22 25
17 25
27
35
31
29 4
29 5
34 2
13 9 2 1
12 3 4 6 3 1
11 2 8 6 4 1
10 2 3 5 9 2
10 3 2 3 4 9 2
10 2 3 1 2 3 9 2
10 2 3 3 3 13
10 4 5 2 13
10 4 3 13
2 7 7 2 13
1 4 3 3 13
3 3 14 13
5 4 14 13
5 3 12 13
7 4 11 14
8 3 10 15
8 3 10 15
9 3 10 15
9 2 9 15
10 2 8 16
10 2 5 5 5
11 4 2 4 4 3
11 4 5 8 1
13 4 11
16 3 15
15 23
15 24
5 8 24
5 8 25
4 8 25
4 8 25
1 2 8 5 17
1 1 2 4 2 2 16
2 1 1 4 2 5 10 5
2 1 4 1 2 3 11 5
2 1 5 2 2 6 5 4
2 6 3 3 7 5 4
3 5 3 4 9 4 4
3 5 3 4 9 3 4
10 2 4 11 2 4
9 3 13 2 4
9 3 15 1 4
9 3 11 4 1 4
8 1 14 3 1 4
8 18 4
8 23 4
7 24 5
7 32
7 32